kinematics:
  shoulder:
    x: 0
    y: 0
    z: 0.1519822787547985
    roll: -0
    pitch: 0
    yaw: 1.176557886811702e-07
  upper_arm:
    x: -0.0002243537186244792
    y: 0
    z: 0
    roll: 1.570707878064493
    pitch: 0
    yaw: -1.338211307570004e-06
  forearm:
    x: -0.2435934669712539
    y: 0
    z: 0
    roll: 0.0002390260166172327
    pitch: 0.0005017687440046104
    yaw: 5.730097185048492e-06
  wrist_1:
    x: -0.2133511183537782
    y: 0.0007983839857597235
    z: 0.1306734167993368
    roll: 3.135482963714211
    pitch: 3.141171788552023
    yaw: 3.141584309185717
  wrist_2:
    x: 0.0001159196965713822
    y: -0.08535409543341353
    z: 2.674630009999679e-05
    roll: 1.570482969842442
    pitch: 0
    yaw: -3.645075177804991e-08
  wrist_3:
    x: -0.0001452816800246179
    y: 0.09216146694740841
    z: -5.031191540757315e-05
    roll: 1.5702504163176
    pitch: 3.141592653589793
    yaw: -3.141592128975011
  hash: calib_17008457374574081678